2.75 0.0
2.751 0.0
2.752 0.0
2.753 0.0
2.754 0.0
2.755 0.0
2.756 0.0
2.757 0.0
2.758 0.0
2.759 0.0
2.76 0.0
2.761 0.0
2.762 0.0
2.763 0.0
2.764 0.0
2.765 0.0
2.766 0.0
2.767 0.0
2.768 0.0
2.769 0.0
2.77 0.0
2.771 0.0
2.772 0.0
2.773 0.0
2.774 0.0
2.775 0.0
2.776 0.0
2.777 0.0
2.778 0.0
2.779 0.0
2.78 0.0
2.781 0.0
2.782 0.0
2.783 0.0
2.784 0.0
2.785 0.0
2.786 0.0
2.787 0.0
2.788 0.0
2.789 0.0
2.79 0.0
2.791 0.0
2.792 0.0
2.793 0.0
2.794 0.0
2.795 0.0
2.796 0.0
2.797 0.0
2.798 0.0
2.799 0.0
2.8 0.0
2.801 0.0
2.802 0.0
2.803 0.0
2.804 0.0
2.805 0.0
2.806 0.0
2.807 0.0
2.808 0.0
2.809 0.0
2.81 0.0
2.811 0.0
2.812 0.0
2.813 0.0
2.814 0.0
2.815 0.0
2.816 0.0
2.817 0.0
2.818 0.0
2.819 0.0
2.82 0.0
2.821 0.0
2.822 0.0
2.823 0.0
2.824 0.0
2.825 0.0
2.826 0.0
2.827 0.0
2.828 0.0
2.829 0.0
2.83 0.0
2.831 0.0
2.832 0.0
2.833 0.0
2.834 0.0
2.835 0.0
2.836 0.0
2.837 0.0
2.838 0.0
2.839 0.0
2.84 0.0
2.841 0.0
2.842 0.0
2.843 0.0
2.844 0.0
2.845 0.0
2.846 0.0
2.847 0.0
2.848 0.0
2.849 0.0
2.85 0.0
2.851 0.0
2.852 0.0
2.853 0.0
2.854 0.0
2.855 0.0
2.856 0.0
2.857 0.0
2.858 0.0
2.859 0.0
2.86 0.0
2.861 0.0
2.862 0.0
2.863 0.0
2.864 0.0
2.865 0.0
2.866 0.0
2.867 0.0
2.868 0.0
2.869 0.0
2.87 0.0
2.871 0.0
2.872 0.0
2.873 0.0
2.874 0.0
2.875 0.0
2.876 0.0
2.877 0.0
2.878 0.0
2.879 0.0
2.88 0.0
2.8810000000000002 0.0
2.882 0.0
2.883 0.0
2.884 0.0
2.885 0.0
2.886 0.0
2.887 0.0
2.888 0.0
2.8890000000000002 0.0
2.89 0.0
2.891 0.0
2.892 0.0
2.893 0.0
2.894 0.0
2.895 0.0
2.896 0.0
2.897 0.0
2.898 0.0
2.899 0.0
2.9 0.0
2.901 0.0
2.902 0.0
2.903 0.0
2.904 0.0
2.905 0.0
2.906 0.0
2.907 0.0
2.908 0.0
2.909 0.0
2.91 0.0
2.911 0.0
2.912 0.0
2.913 0.0
2.914 0.0
2.915 0.0
2.916 0.0
2.917 0.0
2.918 0.0
2.919 0.0
2.92 0.0
2.921 0.0
2.922 0.0
2.923 0.0
2.924 0.0
2.925 0.0
2.926 0.0
2.927 0.0
2.928 0.0
2.929 0.0
2.93 0.0
2.931 0.0
2.932 0.0
2.933 0.0
2.934 0.0
2.935 0.0
2.936 0.0
2.937 0.0
2.938 0.0
2.939 0.0
2.94 0.0
2.941 0.0
2.942 0.0
2.943 0.0
2.944 0.0
2.945 0.0
2.946 0.0
2.947 0.0
2.948 0.0
2.949 0.0
2.95 0.0
2.951 0.0
2.952 0.0
2.953 0.0
2.954 0.0
2.955 0.0
2.956 0.0
2.957 0.0
2.958 0.0
2.959 0.0
2.96 0.0
2.961 0.0
2.962 0.0
2.963 0.0
2.964 0.0
2.965 0.0
2.966 0.0
2.967 0.0
2.968 0.0
2.969 0.0
2.97 0.0
2.971 0.0
2.972 0.0
2.973 0.0
2.974 0.0
2.975 0.0
2.976 0.0
2.977 0.0
2.978 0.0
2.979 0.0
2.98 0.0
2.981 0.0
2.982 0.0
2.983 0.0
2.984 0.0
2.985 0.0
2.986 0.0
2.987 0.0
2.988 0.0
2.989 0.0
2.99 0.0
2.991 0.0
2.992 0.0
2.993 0.0
2.9939999999999998 0.0
2.995 0.0
2.996 0.0
2.997 0.0
2.998 0.0
2.999 0.0
3.0 0.0
3.001 0.0
3.002 0.0
3.003 0.0
3.004 0.0
3.005 0.0
3.0060000000000002 0.0
3.007 0.0
3.008 0.0
3.009 0.0
3.01 0.0
3.011 0.0
3.012 0.0
3.013 0.0
3.0140000000000002 0.0
3.015 0.0
3.016 0.0
3.017 0.0
3.018 0.0
3.019 0.0
3.02 0.0
3.021 0.0
3.0220000000000002 0.0
3.023 0.0
3.024 0.0
3.025 0.0
3.026 0.0
3.027 0.0
3.028 0.0
3.029 0.0
3.0300000000000002 0.0
3.031 0.0
3.032 0.0
3.033 0.0
3.034 0.0
3.035 0.0
3.036 0.0
3.037 0.0
3.0380000000000003 0.0
3.039 0.0
3.04 0.0
3.041 0.0
3.042 0.0
3.043 0.0
3.044 0.0
3.045 1.072979353845039e-08
3.046 2.1890924335941598e-08
3.047 4.4108597258182196e-08
3.048 8.777458917850341e-08
3.049 1.7250463818584552e-07
3.05 3.3482598868092327e-07
3.051 6.418358268128936e-07
3.052 1.2151087918548534e-06
3.053 2.2719186840349526e-06
3.054 4.195240043164221e-06
3.055 7.65080723199639e-06
3.056 1.3779838140046918e-05
3.057 2.4511358679630047e-05
3.058 4.3060301480963394e-05
3.059 7.470904061313794e-05
3.06 0.00012801346849307605
3.061 0.00021663298428839674
3.062 0.000362059470863918
3.063 0.0005976152268088931
3.064 0.0009742037764526501
3.065 0.0015684272359331743
3.066 0.0024938214379273045
3.067 0.003916090727522821
3.068 0.0060733253645042585
3.069 0.009302223361972903
3.07 0.014071273066238062
3.071 0.021021632079459403
3.072 0.03101600677002185
3.073 0.04519514114150836
3.074 0.06504052279093268
3.075 0.0924405907175482
3.076 0.12975610871529547
3.077 0.17987852842246135
3.078 0.24627325541683615
3.079 0.3329979720908543
3.08 0.44468485484270914
3.081 0.5864749951369536
3.082 0.7638939570339419
3.083 0.9826595083107872
3.084 1.2484163831209878
3.085 1.5663985415297998
3.086 1.9410266269065093
3.087 2.3754567534215045
3.088 2.8711056620443474
3.089 3.427185685734042
3.09 4.0402897066718655
3.091 4.704070166399753
3.092 5.409056119856265
3.093 6.142647528985618
3.094 6.88931617429697
3.095 7.631028039844913
3.096 8.347883785722711
3.097 9.01895358224094
3.098 9.623262251432822
3.099 10.140862706593342
3.1 10.553922408211378
3.101 10.847740891203525
3.102 11.011617605446851
3.1029999999999998 11.039498684247304
3.104 10.930348141548583
3.105 10.688211764487352
3.106 10.321968207373482
3.107 9.844788637532526
3.108 9.273350782830896
3.109 8.626872748754499
3.11 7.926044532024766
3.1109999999999998 7.19193968170914
3.112 6.4449859782279315
3.113 5.704063210035285
3.114 4.985779808556795
3.115 4.303960447348929
3.116 3.6693561012630336
3.117 3.0895687412728945
3.118 2.5691666522814525
3.1189999999999998 2.1099545590145623
3.12 1.7113559156496383
3.121 1.3708627978872343
3.122 1.0845112299709854
3.123 0.847345501705996
3.124 0.6538429047509787
3.125 0.4982791495756821
3.126 0.3750234510895116
3.127 0.2787600602403678
3.128 0.2046393207434775
3.129 0.148365878921093
3.13 0.10623445494363098
3.1310000000000002 0.07512477192777627
3.132 0.05246713516214326
3.133 0.03618911380003189
3.134 0.02465215884298457
3.135 0.016585110857730227
3.136 0.011019660439701255
3.137 0.007231101509391685
3.138 0.004686267941788178
3.1390000000000002 0.002999412426365869
3.14 0.0018959709064438493
3.141 0.001183623457212825
3.142 0.0007297630505659892
3.143 0.00044436166913472527
3.144 0.0002672253906993791
3.145 0.00015871035541698155
3.146 9.309347027076463e-05
3.1470000000000002 5.3928654861092154e-05
3.148 3.0853637166052705e-05
3.149 1.7433298256852352e-05
3.15 9.728349505617538e-06
3.151 5.361486066388697e-06
3.152 2.918217185130451e-06
3.153 1.568687557578514e-06
3.154 8.328018960430601e-07
3.1550000000000002 4.3664990588469707e-07
3.156 2.2610566767689442e-07
3.157 1.1563144124307937e-07
3.158 5.8401881806234296e-08
3.159 2.9131587750879848e-08
3.16 1.4351188940881123e-08
3.161 0.0
3.162 0.0
3.1630000000000003 0.0
3.164 0.0
3.165 0.0
3.166 0.0
3.167 0.0
3.168 0.0
3.169 0.0
3.17 0.0
3.171 0.0
3.172 0.0
3.173 0.0
3.174 0.0
3.175 0.0
3.176 0.0
3.177 0.0
3.178 0.0
3.179 0.0
3.18 0.0
3.181 0.0
3.182 0.0
3.183 0.0
3.184 0.0
3.185 0.0
3.186 0.0
3.187 0.0
3.188 0.0
3.189 0.0
3.19 0.0
3.191 0.0
3.192 0.0
3.193 0.0
3.194 0.0
3.195 0.0
3.196 0.0
3.197 0.0
3.198 0.0
3.199 0.0
3.2 0.0
3.201 0.0
3.202 0.0
3.203 0.0
3.204 0.0
3.205 0.0
3.206 0.0
3.207 0.0
3.208 0.0
3.209 0.0
3.21 0.0
3.211 0.0
3.212 0.0
3.213 0.0
3.214 0.0
3.215 0.0
3.216 0.0
3.217 0.0
3.218 0.0
3.219 0.0
3.22 0.0
3.221 0.0
3.222 0.0
3.223 0.0
3.224 0.0
3.225 0.0
3.226 0.0
3.227 0.0
3.228 0.0
3.229 0.0
3.23 0.0
3.231 0.0
3.232 0.0
3.233 0.0
3.234 0.0
3.235 0.0
3.2359999999999998 0.0
3.237 0.0
3.238 0.0
3.239 0.0
3.24 0.0
3.241 0.0
3.242 0.0
3.243 0.0
3.2439999999999998 0.0
3.245 0.0
3.246 0.0
3.247 0.0
3.248 0.0
3.249 0.0
3.25 0.0
3.251 0.0
3.252 0.0
3.253 0.0
3.254 0.0
3.255 0.0
3.2560000000000002 0.0
3.257 0.0
3.258 0.0
3.259 0.0
3.26 0.0
3.261 0.0
3.262 0.0
3.263 0.0
3.2640000000000002 0.0
3.265 0.0
3.266 0.0
3.267 0.0
3.268 0.0
3.269 0.0
3.27 0.0
3.271 0.0
3.2720000000000002 0.0
3.273 0.0
3.274 0.0
3.275 0.0
3.276 0.0
3.277 0.0
3.278 0.0
3.279 0.0
3.2800000000000002 0.0
3.281 0.0
3.282 0.0
3.283 0.0
3.284 0.0
3.285 0.0
3.286 0.0
3.287 0.0
3.2880000000000003 0.0
3.289 0.0
3.29 0.0
3.291 0.0
3.292 0.0
3.293 0.0
3.294 0.0
3.295 0.0
3.2960000000000003 0.0
3.297 0.0
3.298 0.0
3.299 0.0
3.3 0.0
3.301 0.0
3.302 0.0
3.303 0.0
3.3040000000000003 0.0
3.305 0.0
3.306 0.0
3.307 0.0
3.308 0.0
3.309 0.0
3.31 0.0
3.311 0.0
3.3120000000000003 0.0
3.313 0.0
3.314 0.0
3.315 0.0
3.316 0.0
3.317 0.0
3.318 0.0
3.319 0.0
3.3200000000000003 0.0
3.321 0.0
3.322 0.0
3.323 0.0
3.324 0.0
3.325 0.0
3.326 0.0
3.327 0.0
3.328 0.0
3.3289999999999997 0.0
3.33 0.0
3.331 0.0
3.332 0.0
3.333 0.0
3.334 0.0
3.335 0.0
3.336 0.0
3.3369999999999997 0.0
3.338 0.0
3.339 0.0
3.34 0.0
3.341 0.0
3.342 0.0
3.343 0.0
3.344 0.0
3.3449999999999998 0.0
3.346 0.0
3.347 0.0
3.348 0.0
3.349 0.0
3.35 0.0
3.351 0.0
3.352 0.0
3.3529999999999998 0.0
3.354 0.0
3.355 0.0
3.356 0.0
3.357 0.0
3.358 0.0
3.359 0.0
3.36 0.0
3.3609999999999998 0.0
3.362 0.0
3.363 0.0
3.364 0.0
3.365 0.0
3.366 0.0
3.367 0.0
3.368 0.0
3.3689999999999998 0.0
3.37 0.0
3.371 0.0
3.372 0.0
3.373 0.0
3.374 0.0
3.375 0.0
3.376 0.0
3.377 0.0
3.378 0.0
3.379 0.0
3.38 0.0
3.3810000000000002 0.0
3.382 0.0
3.383 0.0
3.384 0.0
3.385 0.0
3.386 0.0
3.387 0.0
3.388 0.0
3.3890000000000002 0.0
3.39 0.0
3.391 0.0
3.392 0.0
3.393 0.0
3.394 0.0
3.395 0.0
3.396 0.0
3.3970000000000002 0.0
3.398 0.0
3.399 0.0
3.4 0.0
3.401 0.0
3.402 0.0
3.403 0.0
3.404 0.0
3.4050000000000002 0.0
3.406 0.0
3.407 0.0
3.408 0.0
3.409 0.0
3.41 0.0
3.411 0.0
3.412 0.0
3.4130000000000003 0.0
3.414 0.0
3.415 0.0
3.416 0.0
3.417 0.0
3.418 0.0
3.419 0.0
3.42 0.0
3.4210000000000003 0.0
3.422 0.0
3.423 0.0
3.424 0.0
3.425 0.0
3.426 0.0
3.427 0.0
3.428 0.0
3.4290000000000003 0.0
3.43 0.0
3.431 0.0
3.432 0.0
3.433 0.0
3.434 0.0
3.435 0.0
3.436 0.0
3.4370000000000003 0.0
3.438 0.0
3.439 0.0
3.44 0.0
3.441 0.0
3.442 0.0
3.443 0.0
3.444 0.0
3.4450000000000003 0.0
3.446 0.0
3.447 0.0
3.448 0.0
3.449 0.0
3.45 0.0
3.451 0.0
3.452 0.0
3.4530000000000003 0.0
3.4539999999999997 0.0
3.455 0.0
3.456 0.0
3.457 0.0
3.458 0.0
3.459 0.0
3.46 0.0
3.461 0.0
3.4619999999999997 0.0
3.463 0.0
3.464 0.0
3.465 0.0
3.466 0.0
3.467 0.0
3.468 0.0
3.469 0.0
3.4699999999999998 0.0
3.471 0.0
3.472 0.0
3.473 0.0
3.474 0.0
3.475 0.0
3.476 0.0
3.477 0.0
3.4779999999999998 0.0
3.479 0.0
3.48 0.0
3.481 0.0
3.482 0.0
3.483 0.0
3.484 0.0
3.485 0.0
3.4859999999999998 0.0
3.487 0.0
3.488 0.0
3.489 0.0
3.49 0.0
3.491 0.0
3.492 0.0
3.493 0.0
3.4939999999999998 0.0
3.495 0.0
3.496 0.0
3.497 0.0
3.498 0.0
3.499 0.0
3.5 0.0
3.501 0.0
3.502 0.0
3.503 0.0
3.504 0.0
3.505 0.0
3.5060000000000002 0.0
3.507 0.0
3.508 0.0
3.509 0.0
3.51 0.0
3.511 0.0
3.512 0.0
3.513 0.0
3.5140000000000002 0.0
3.515 0.0
3.516 0.0
3.517 0.0
3.518 0.0
3.519 0.0
3.52 0.0
3.521 0.0
3.5220000000000002 0.0
3.523 0.0
3.524 0.0
3.525 0.0
3.526 0.0
3.527 0.0
3.528 0.0
3.529 0.0
3.5300000000000002 0.0
3.531 0.0
3.532 0.0
3.533 0.0
3.534 0.0
3.535 0.0
3.536 0.0
3.537 0.0
3.5380000000000003 0.0
3.539 0.0
3.54 0.0
3.541 0.0
3.542 0.0
3.543 0.0
3.544 0.0
3.545 0.0
3.5460000000000003 0.0
3.547 0.0
3.548 0.0
3.549 0.0
3.55 0.0
3.551 0.0
3.552 0.0
3.553 0.0
3.5540000000000003 0.0
3.555 0.0
3.556 0.0
3.557 0.0
3.558 0.0
3.559 0.0
3.56 0.0
3.561 0.0
3.5620000000000003 0.0
3.563 0.0
3.564 0.0
3.565 0.0
3.566 0.0
3.567 0.0
3.568 0.0
3.569 0.0
3.5700000000000003 0.0
3.571 0.0
3.572 0.0
3.573 0.0
3.574 0.0
3.575 0.0
3.576 0.0
3.577 0.0
3.5780000000000003 0.0
3.579 0.0
3.58 0.0
3.581 0.0
3.582 0.0
3.583 0.0
3.584 0.0
3.585 0.0
3.586 0.0
3.5869999999999997 0.0
3.588 0.0
3.589 0.0
3.59 0.0
3.591 0.0
3.592 0.0
3.593 0.0
3.594 0.0
3.5949999999999998 0.0
3.596 0.0
3.597 0.0
3.598 0.0
3.599 0.0
3.6 0.0
3.601 0.0
3.602 0.0
3.6029999999999998 0.0
3.604 0.0
3.605 0.0
3.606 0.0
3.607 0.0
3.608 0.0
3.609 0.0
3.61 0.0
3.6109999999999998 0.0
3.612 0.0
3.613 0.0
3.614 0.0
3.615 0.0
3.616 0.0
3.617 0.0
3.618 0.0
3.6189999999999998 0.0
3.62 0.0
3.621 0.0
3.622 0.0
3.623 0.0
3.624 0.0
3.625 0.0
3.626 0.0
3.627 0.0
3.628 0.0
3.629 0.0
3.63 0.0
3.6310000000000002 0.0
3.632 0.0
3.633 0.0
3.634 0.0
3.635 0.0
3.636 0.0
3.637 0.0
3.638 0.0
3.6390000000000002 0.0
3.64 0.0
3.641 0.0
3.642 0.0
3.643 0.0
3.644 0.0
3.645 0.0
3.646 0.0
3.6470000000000002 0.0
3.648 0.0
3.649 0.0
3.65 0.0
3.651 0.0
3.652 0.0
3.653 0.0
3.654 0.0
3.6550000000000002 0.0
3.656 0.0
3.657 0.0
3.658 0.0
3.659 0.0
3.66 0.0
3.661 0.0
3.662 0.0
3.6630000000000003 0.0
3.664 0.0
3.665 0.0
3.666 0.0
3.667 0.0
3.668 0.0
3.669 0.0
3.67 0.0
3.6710000000000003 0.0
3.672 0.0
3.673 0.0
3.674 0.0
3.675 0.0
3.676 0.0
3.677 0.0
3.678 0.0
3.6790000000000003 0.0
3.68 0.0
3.681 0.0
3.682 0.0
3.683 0.0
3.684 0.0
3.685 0.0
3.686 0.0
3.6870000000000003 0.0
3.688 0.0
3.689 0.0
3.69 0.0
3.691 0.0
3.692 0.0
3.693 0.0
3.694 0.0
3.6950000000000003 0.0
3.696 0.0
3.697 0.0
3.698 0.0
3.699 0.0
3.7 0.0
