2.75 0.0
2.751 0.0
2.752 0.0
2.753 0.0
2.754 0.0
2.755 0.0
2.756 0.0
2.757 0.0
2.758 0.0
2.759 0.0
2.76 0.0
2.761 0.0
2.762 0.0
2.763 0.0
2.764 0.0
2.765 0.0
2.766 0.0
2.767 0.0
2.768 0.0
2.769 0.0
2.77 0.0
2.771 0.0
2.772 0.0
2.773 0.0
2.774 0.0
2.775 0.0
2.776 0.0
2.777 0.0
2.778 0.0
2.779 0.0
2.78 0.0
2.781 0.0
2.782 0.0
2.783 0.0
2.784 0.0
2.785 0.0
2.786 0.0
2.787 0.0
2.788 0.0
2.789 0.0
2.79 0.0
2.791 0.0
2.792 0.0
2.793 0.0
2.794 0.0
2.795 0.0
2.796 0.0
2.797 0.0
2.798 0.0
2.799 0.0
2.8 0.0
2.801 0.0
2.802 0.0
2.803 0.0
2.804 0.0
2.805 0.0
2.806 0.0
2.807 0.0
2.808 0.0
2.809 0.0
2.81 0.0
2.811 0.0
2.812 0.0
2.813 0.0
2.814 0.0
2.815 0.0
2.816 0.0
2.817 0.0
2.818 0.0
2.819 0.0
2.82 0.0
2.821 0.0
2.822 0.0
2.823 0.0
2.824 0.0
2.825 0.0
2.826 0.0
2.827 0.0
2.828 0.0
2.829 0.0
2.83 0.0
2.831 0.0
2.832 0.0
2.833 0.0
2.834 0.0
2.835 0.0
2.836 0.0
2.837 0.0
2.838 0.0
2.839 0.0
2.84 0.0
2.841 0.0
2.842 0.0
2.843 0.0
2.844 0.0
2.845 0.0
2.846 0.0
2.847 0.0
2.848 0.0
2.849 0.0
2.85 0.0
2.851 0.0
2.852 0.0
2.853 0.0
2.854 0.0
2.855 0.0
2.856 0.0
2.857 0.0
2.858 0.0
2.859 0.0
2.86 0.0
2.861 0.0
2.862 0.0
2.863 0.0
2.864 0.0
2.865 0.0
2.866 0.0
2.867 0.0
2.868 0.0
2.869 0.0
2.87 0.0
2.871 0.0
2.872 0.0
2.873 0.0
2.874 0.0
2.875 0.0
2.876 0.0
2.877 0.0
2.878 0.0
2.879 0.0
2.88 0.0
2.8810000000000002 0.0
2.882 0.0
2.883 0.0
2.884 0.0
2.885 0.0
2.886 0.0
2.887 0.0
2.888 0.0
2.8890000000000002 0.0
2.89 0.0
2.891 0.0
2.892 0.0
2.893 0.0
2.894 0.0
2.895 0.0
2.896 0.0
2.897 0.0
2.898 0.0
2.899 0.0
2.9 0.0
2.901 0.0
2.902 0.0
2.903 0.0
2.904 0.0
2.905 0.0
2.906 0.0
2.907 0.0
2.908 0.0
2.909 0.0
2.91 0.0
2.911 0.0
2.912 0.0
2.913 0.0
2.914 0.0
2.915 0.0
2.916 0.0
2.917 0.0
2.918 0.0
2.919 0.0
2.92 0.0
2.921 0.0
2.922 0.0
2.923 0.0
2.924 0.0
2.925 0.0
2.926 0.0
2.927 0.0
2.928 0.0
2.929 0.0
2.93 0.0
2.931 0.0
2.932 0.0
2.933 0.0
2.934 0.0
2.935 0.0
2.936 0.0
2.937 0.0
2.938 0.0
2.939 0.0
2.94 0.0
2.941 0.0
2.942 0.0
2.943 0.0
2.944 0.0
2.945 0.0
2.946 0.0
2.947 0.0
2.948 0.0
2.949 0.0
2.95 0.0
2.951 0.0
2.952 0.0
2.953 0.0
2.954 0.0
2.955 0.0
2.956 0.0
2.957 0.0
2.958 0.0
2.959 0.0
2.96 0.0
2.961 0.0
2.962 0.0
2.963 0.0
2.964 0.0
2.965 0.0
2.966 0.0
2.967 0.0
2.968 0.0
2.969 0.0
2.97 0.0
2.971 0.0
2.972 0.0
2.973 0.0
2.974 0.0
2.975 0.0
2.976 0.0
2.977 0.0
2.978 0.0
2.979 0.0
2.98 0.0
2.981 0.0
2.982 0.0
2.983 0.0
2.984 0.0
2.985 0.0
2.986 0.0
2.987 0.0
2.988 0.0
2.989 0.0
2.99 0.0
2.991 0.0
2.992 0.0
2.993 0.0
2.9939999999999998 0.0
2.995 0.0
2.996 0.0
2.997 0.0
2.998 0.0
2.999 0.0
3.0 0.0
3.001 0.0
3.002 0.0
3.003 0.0
3.004 0.0
3.005 0.0
3.0060000000000002 0.0
3.007 0.0
3.008 0.0
3.009 0.0
3.01 0.0
3.011 0.0
3.012 0.0
3.013 0.0
3.0140000000000002 0.0
3.015 0.0
3.016 0.0
3.017 0.0
3.018 0.0
3.019 0.0
3.02 0.0
3.021 0.0
3.0220000000000002 0.0
3.023 0.0
3.024 0.0
3.025 0.0
3.026 0.0
3.027 0.0
3.028 0.0
3.029 0.0
3.0300000000000002 0.0
3.031 0.0
3.032 0.0
3.033 0.0
3.034 0.0
3.035 0.0
3.036 0.0
3.037 0.0
3.0380000000000003 0.0
3.039 0.0
3.04 0.0
3.041 0.0
3.042 0.0
3.043 0.0
3.044 0.0
3.045 0.0
3.046 0.0
3.047 0.0
3.048 0.0
3.049 0.0
3.05 0.0
3.051 0.0
3.052 0.0
3.053 0.0
3.054 0.0
3.055 0.0
3.056 0.0
3.057 0.0
3.058 0.0
3.059 0.0
3.06 0.0
3.061 0.0
3.062 0.0
3.063 0.0
3.064 0.0
3.065 0.0
3.066 0.0
3.067 0.0
3.068 0.0
3.069 0.0
3.07 0.0
3.071 0.0
3.072 0.0
3.073 0.0
3.074 0.0
3.075 0.0
3.076 0.0
3.077 0.0
3.078 0.0
3.079 0.0
3.08 0.0
3.081 0.0
3.082 0.0
3.083 0.0
3.084 0.0
3.085 0.0
3.086 0.0
3.087 0.0
3.088 0.0
3.089 0.0
3.09 0.0
3.091 0.0
3.092 0.0
3.093 0.0
3.094 0.0
3.095 0.0
3.096 0.0
3.097 0.0
3.098 0.0
3.099 0.0
3.1 0.0
3.101 0.0
3.102 0.0
3.1029999999999998 0.0
3.104 0.0
3.105 0.0
3.106 0.0
3.107 0.0
3.108 0.0
3.109 0.0
3.11 0.0
3.1109999999999998 0.0
3.112 0.0
3.113 0.0
3.114 0.0
3.115 0.0
3.116 0.0
3.117 0.0
3.118 0.0
3.1189999999999998 0.0
3.12 0.0
3.121 0.0
3.122 0.0
3.123 0.0
3.124 0.0
3.125 0.0
3.126 0.0
3.127 0.0
3.128 0.0
3.129 0.0
3.13 0.0
3.1310000000000002 0.0
3.132 0.0
3.133 0.0
3.134 0.0
3.135 0.0
3.136 0.0
3.137 0.0
3.138 0.0
3.1390000000000002 0.0
3.14 0.0
3.141 0.0
3.142 0.0
3.143 0.0
3.144 0.0
3.145 0.0
3.146 0.0
3.1470000000000002 0.0
3.148 0.0
3.149 0.0
3.15 0.0
3.151 0.0
3.152 0.0
3.153 0.0
3.154 0.0
3.1550000000000002 0.0
3.156 0.0
3.157 0.0
3.158 0.0
3.159 0.0
3.16 0.0
3.161 0.0
3.162 0.0
3.1630000000000003 0.0
3.164 0.0
3.165 0.0
3.166 0.0
3.167 0.0
3.168 0.0
3.169 0.0
3.17 0.0
3.171 0.0
3.172 0.0
3.173 0.0
3.174 0.0
3.175 0.0
3.176 0.0
3.177 0.0
3.178 0.0
3.179 0.0
3.18 0.0
3.181 0.0
3.182 0.0
3.183 0.0
3.184 0.0
3.185 0.0
3.186 0.0
3.187 0.0
3.188 0.0
3.189 0.0
3.19 0.0
3.191 0.0
3.192 0.0
3.193 0.0
3.194 0.0
3.195 0.0
3.196 0.0
3.197 0.0
3.198 0.0
3.199 0.0
3.2 0.0
3.201 0.0
3.202 0.0
3.203 0.0
3.204 0.0
3.205 0.0
3.206 0.0
3.207 0.0
3.208 0.0
3.209 0.0
3.21 0.0
3.211 0.0
3.212 0.0
3.213 0.0
3.214 0.0
3.215 0.0
3.216 0.0
3.217 0.0
3.218 0.0
3.219 0.0
3.22 0.0
3.221 0.0
3.222 0.0
3.223 0.0
3.224 0.0
3.225 0.0
3.226 0.0
3.227 0.0
3.228 0.0
3.229 0.0
3.23 0.0
3.231 0.0
3.232 0.0
3.233 0.0
3.234 0.0
3.235 0.0
3.2359999999999998 0.0
3.237 0.0
3.238 0.0
3.239 0.0
3.24 0.0
3.241 0.0
3.242 0.0
3.243 0.0
3.2439999999999998 0.0
3.245 0.0
3.246 0.0
3.247 0.0
3.248 0.0
3.249 0.0
3.25 0.0
3.251 0.0
3.252 0.0
3.253 0.0
3.254 0.0
3.255 0.0
3.2560000000000002 0.0
3.257 0.0
3.258 0.0
3.259 0.0
3.26 0.0
3.261 0.0
3.262 0.0
3.263 0.0
3.2640000000000002 0.0
3.265 0.0
3.266 0.0
3.267 0.0
3.268 0.0
3.269 0.0
3.27 0.0
3.271 0.0
3.2720000000000002 0.0
3.273 0.0
3.274 0.0
3.275 0.0
3.276 0.0
3.277 0.0
3.278 0.0
3.279 0.0
3.2800000000000002 0.0
3.281 0.0
3.282 0.0
3.283 0.0
3.284 0.0
3.285 0.0
3.286 0.0
3.287 0.0
3.2880000000000003 0.0
3.289 0.0
3.29 0.0
3.291 0.0
3.292 0.0
3.293 0.0
3.294 0.0
3.295 0.0
3.2960000000000003 0.0
3.297 0.0
3.298 0.0
3.299 0.0
3.3 0.0
3.301 0.0
3.302 0.0
3.303 0.0
3.3040000000000003 0.0
3.305 0.0
3.306 0.0
3.307 0.0
3.308 0.0
3.309 0.0
3.31 0.0
3.311 0.0
3.3120000000000003 0.0
3.313 0.0
3.314 0.0
3.315 1.3447361656748435e-08
3.316 2.5796838685141367e-08
3.317 4.896967055411152e-08
3.318 9.198545654393976e-08
3.319 1.7097887122849671e-07
3.3200000000000003 3.144828847229259e-07
3.321 5.723779238831364e-07
3.322 1.0308608042795463e-06
3.323 1.8371663009692305e-06
3.324 3.2398746339970906e-06
3.325 5.653784257039857e-06
3.326 9.762960907151826e-06
3.327 1.6682270539053366e-05
3.328 2.820720540554126e-05
3.3289999999999997 4.7195028617449906e-05
3.33 7.813826034856737e-05
3.331 0.00012801548729062816
3.332 0.0002075355885341576
3.333 0.0003329307734587257
3.334 0.0005285019450965583
3.335 0.0008301766840948356
3.336 0.0012904041919054052
3.3369999999999997 0.001984779611699957
3.338 0.0030208565767736654
3.339 0.004549662846620738
3.34 0.006780467112680283
3.341 0.009999339290955698
3.342 0.014591982069328607
3.343 0.021071165652189514
3.344 0.030108847146138276
3.3449999999999998 0.04257267937130986
3.346 0.059566095379388985
3.347 0.08247048957326093
3.348 0.11298721510592244
3.349 0.15317621276226223
3.35 0.20548713744424196
3.351 0.27277794197194993
3.352 0.3583151294820714
3.3529999999999998 0.46574943363847576
3.354 0.5990606815450792
3.355 0.7624661865412756
3.356 0.9602883329540892
3.357 1.1967791317719398
3.358 1.4759024534639553
3.359 1.8010782974564716
3.36 2.174897645258838
3.3609999999999998 2.598820862802497
3.362 3.072876863498655
3.363 3.5953838396989224
3.364 4.1627148096076265
3.365 4.769132029322932
3.366 5.406713097942007
3.367 6.065388107300437
3.368 6.733101439888978
3.3689999999999998 7.396104031666312
3.37 8.039372582716553
3.371 8.647142045182042
3.372 9.203527649268873
3.373 9.693203738421694
3.374 10.10209974829207
3.375 10.418069617992574
3.376 10.631490356607818
3.377 10.735748660088754
3.378 10.727581257913988
3.379 10.60724455364391
3.38 10.378501256030066
3.3810000000000002 10.048424973158953
3.382 9.627036927291792
3.383 9.126800818977397
3.384 8.562011350651016
3.385 7.948118204364183
3.386 7.301029898108416
3.387 6.63644085155926
3.388 5.969220484284631
3.3890000000000002 5.312895879600671
3.39 4.679250339413837
3.391 4.078050013946816
3.392 3.516900702722012
3.393 3.0012277733097026
3.394 2.5343646280974004
3.395 2.117729721739643
3.396 1.7510689883972355
3.3970000000000002 1.432739627682465
3.398 1.1600122645720328
3.399 0.9293711363179075
3.4 0.7367956808235709
3.401 0.5780112000621893
3.402 0.44870068007225145
3.403 0.34467397542766726
3.404 0.2619941235460939
3.4050000000000002 0.19706336703349256
3.406 0.1466734606587715
3.407 0.10802604360836762
3.408 0.0787293550528343
3.409 0.05677749247482037
3.41 0.04051790805552428
3.411 0.028612059025497544
3.412 0.01999320879803511
3.4130000000000003 0.013824428361058908
3.414 0.009458954896227405
3.415 0.006404281578788296
3.416 0.004290708135385927
3.417 0.0028445843778611792
3.418 0.0018661216825920622
3.419 0.0012114134435958137
3.42 0.0007781729143306428
3.4210000000000003 0.0004946421524206338
3.422 0.00031112680401263
3.423 0.00019364889529347294
3.424 0.00011926799305275752
3.425 7.268822945562734e-05
3.426 4.383646862283746e-05
3.427 2.61600351451578e-05
3.428 1.5448004125398084e-05
3.4290000000000003 9.026881096695075e-06
3.43 5.219565580620179e-06
3.431 2.9864984027300387e-06
3.432 1.6909139479546505e-06
3.433 9.473533993257832e-07
3.434 5.252110087457751e-07
3.435 2.8812896215745153e-07
3.436 1.5641244351543437e-07
3.4370000000000003 8.402083206941511e-08
3.438 4.4661566000826936e-08
3.439 2.3491578907083213e-08
3.44 1.2227052003473243e-08
3.441 0.0
3.442 0.0
3.443 0.0
3.444 0.0
3.4450000000000003 0.0
3.446 0.0
3.447 0.0
3.448 0.0
3.449 0.0
3.45 0.0
3.451 0.0
3.452 0.0
3.4530000000000003 0.0
3.4539999999999997 0.0
3.455 0.0
3.456 0.0
3.457 0.0
3.458 0.0
3.459 0.0
3.46 0.0
3.461 0.0
3.4619999999999997 0.0
3.463 0.0
3.464 0.0
3.465 0.0
3.466 0.0
3.467 0.0
3.468 0.0
3.469 0.0
3.4699999999999998 0.0
3.471 0.0
3.472 0.0
3.473 0.0
3.474 0.0
3.475 0.0
3.476 0.0
3.477 0.0
3.4779999999999998 0.0
3.479 0.0
3.48 0.0
3.481 0.0
3.482 0.0
3.483 0.0
3.484 0.0
3.485 0.0
3.4859999999999998 0.0
3.487 0.0
3.488 0.0
3.489 0.0
3.49 0.0
3.491 0.0
3.492 0.0
3.493 0.0
3.4939999999999998 0.0
3.495 0.0
3.496 0.0
3.497 0.0
3.498 0.0
3.499 0.0
3.5 0.0
3.501 0.0
3.502 0.0
3.503 0.0
3.504 0.0
3.505 0.0
3.5060000000000002 0.0
3.507 0.0
3.508 0.0
3.509 0.0
3.51 0.0
3.511 0.0
3.512 0.0
3.513 0.0
3.5140000000000002 0.0
3.515 0.0
3.516 0.0
3.517 0.0
3.518 0.0
3.519 0.0
3.52 0.0
3.521 0.0
3.5220000000000002 0.0
3.523 0.0
3.524 0.0
3.525 0.0
3.526 0.0
3.527 0.0
3.528 0.0
3.529 0.0
3.5300000000000002 0.0
3.531 0.0
3.532 0.0
3.533 0.0
3.534 0.0
3.535 0.0
3.536 0.0
3.537 0.0
3.5380000000000003 0.0
3.539 0.0
3.54 0.0
3.541 0.0
3.542 0.0
3.543 0.0
3.544 0.0
3.545 0.0
3.5460000000000003 0.0
3.547 0.0
3.548 0.0
3.549 0.0
3.55 0.0
3.551 0.0
3.552 0.0
3.553 0.0
3.5540000000000003 0.0
3.555 0.0
3.556 0.0
3.557 0.0
3.558 0.0
3.559 0.0
3.56 0.0
3.561 0.0
3.5620000000000003 0.0
3.563 0.0
3.564 0.0
3.565 0.0
3.566 0.0
3.567 0.0
3.568 0.0
3.569 0.0
3.5700000000000003 0.0
3.571 0.0
3.572 0.0
3.573 0.0
3.574 0.0
3.575 0.0
3.576 0.0
3.577 0.0
3.5780000000000003 0.0
3.579 0.0
3.58 0.0
3.581 0.0
3.582 0.0
3.583 0.0
3.584 0.0
3.585 0.0
3.586 0.0
3.5869999999999997 0.0
3.588 0.0
3.589 0.0
3.59 0.0
3.591 0.0
3.592 0.0
3.593 0.0
3.594 0.0
3.5949999999999998 0.0
3.596 0.0
3.597 0.0
3.598 0.0
3.599 0.0
3.6 0.0
3.601 0.0
3.602 0.0
3.6029999999999998 0.0
3.604 0.0
3.605 0.0
3.606 0.0
3.607 0.0
3.608 0.0
3.609 0.0
3.61 0.0
3.6109999999999998 0.0
3.612 0.0
3.613 0.0
3.614 0.0
3.615 0.0
3.616 0.0
3.617 0.0
3.618 0.0
3.6189999999999998 0.0
3.62 0.0
3.621 0.0
3.622 0.0
3.623 0.0
3.624 0.0
3.625 0.0
3.626 0.0
3.627 0.0
3.628 0.0
3.629 0.0
3.63 0.0
3.6310000000000002 0.0
3.632 0.0
3.633 0.0
3.634 0.0
3.635 0.0
3.636 0.0
3.637 0.0
3.638 0.0
3.6390000000000002 0.0
3.64 0.0
3.641 0.0
3.642 0.0
3.643 0.0
3.644 0.0
3.645 0.0
3.646 0.0
3.6470000000000002 0.0
3.648 0.0
3.649 0.0
3.65 0.0
3.651 0.0
3.652 0.0
3.653 0.0
3.654 0.0
3.6550000000000002 0.0
3.656 0.0
3.657 0.0
3.658 0.0
3.659 0.0
3.66 0.0
3.661 0.0
3.662 0.0
3.6630000000000003 0.0
3.664 0.0
3.665 0.0
3.666 0.0
3.667 0.0
3.668 0.0
3.669 0.0
3.67 0.0
3.6710000000000003 0.0
3.672 0.0
3.673 0.0
3.674 0.0
3.675 0.0
3.676 0.0
3.677 0.0
3.678 0.0
3.6790000000000003 0.0
3.68 0.0
3.681 0.0
3.682 0.0
3.683 0.0
3.684 0.0
3.685 0.0
3.686 0.0
3.6870000000000003 0.0
3.688 0.0
3.689 0.0
3.69 0.0
3.691 0.0
3.692 0.0
3.693 0.0
3.694 0.0
3.6950000000000003 0.0
3.696 0.0
3.697 0.0
3.698 0.0
3.699 0.0
3.7 0.0
