2.75 0.0
2.751 0.0
2.752 0.0
2.753 0.0
2.754 0.0
2.755 0.0
2.756 0.0
2.757 0.0
2.758 0.0
2.759 0.0
2.76 0.0
2.761 0.0
2.762 0.0
2.763 0.0
2.764 0.0
2.765 0.0
2.766 0.0
2.767 0.0
2.768 0.0
2.769 0.0
2.77 0.0
2.771 0.0
2.772 0.0
2.773 0.0
2.774 0.0
2.775 0.0
2.776 0.0
2.777 0.0
2.778 0.0
2.779 0.0
2.78 0.0
2.781 0.0
2.782 0.0
2.783 0.0
2.784 0.0
2.785 0.0
2.786 0.0
2.787 0.0
2.788 0.0
2.789 0.0
2.79 0.0
2.791 0.0
2.792 0.0
2.793 0.0
2.794 0.0
2.795 0.0
2.796 0.0
2.797 0.0
2.798 0.0
2.799 0.0
2.8 0.0
2.801 0.0
2.802 0.0
2.803 0.0
2.804 0.0
2.805 0.0
2.806 0.0
2.807 0.0
2.808 0.0
2.809 0.0
2.81 0.0
2.811 0.0
2.812 0.0
2.813 0.0
2.814 0.0
2.815 0.0
2.816 0.0
2.817 0.0
2.818 0.0
2.819 0.0
2.82 0.0
2.821 0.0
2.822 0.0
2.823 0.0
2.824 0.0
2.825 0.0
2.826 0.0
2.827 0.0
2.828 0.0
2.829 0.0
2.83 0.0
2.831 0.0
2.832 0.0
2.833 0.0
2.834 0.0
2.835 0.0
2.836 0.0
2.837 0.0
2.838 0.0
2.839 0.0
2.84 0.0
2.841 0.0
2.842 0.0
2.843 0.0
2.844 0.0
2.845 0.0
2.846 0.0
2.847 0.0
2.848 0.0
2.849 0.0
2.85 0.0
2.851 0.0
2.852 0.0
2.853 0.0
2.854 0.0
2.855 0.0
2.856 0.0
2.857 0.0
2.858 0.0
2.859 0.0
2.86 0.0
2.861 0.0
2.862 0.0
2.863 0.0
2.864 0.0
2.865 0.0
2.866 0.0
2.867 0.0
2.868 0.0
2.869 0.0
2.87 0.0
2.871 0.0
2.872 0.0
2.873 0.0
2.874 0.0
2.875 0.0
2.876 0.0
2.877 0.0
2.878 0.0
2.879 0.0
2.88 0.0
2.8810000000000002 0.0
2.882 0.0
2.883 0.0
2.884 0.0
2.885 0.0
2.886 0.0
2.887 0.0
2.888 0.0
2.8890000000000002 0.0
2.89 0.0
2.891 0.0
2.892 0.0
2.893 0.0
2.894 0.0
2.895 0.0
2.896 0.0
2.897 0.0
2.898 0.0
2.899 0.0
2.9 0.0
2.901 0.0
2.902 0.0
2.903 0.0
2.904 0.0
2.905 0.0
2.906 0.0
2.907 0.0
2.908 0.0
2.909 0.0
2.91 0.0
2.911 0.0
2.912 0.0
2.913 0.0
2.914 0.0
2.915 0.0
2.916 0.0
2.917 0.0
2.918 0.0
2.919 0.0
2.92 0.0
2.921 0.0
2.922 0.0
2.923 0.0
2.924 0.0
2.925 0.0
2.926 0.0
2.927 0.0
2.928 0.0
2.929 0.0
2.93 0.0
2.931 0.0
2.932 0.0
2.933 0.0
2.934 0.0
2.935 0.0
2.936 0.0
2.937 0.0
2.938 0.0
2.939 0.0
2.94 0.0
2.941 0.0
2.942 0.0
2.943 0.0
2.944 0.0
2.945 0.0
2.946 0.0
2.947 0.0
2.948 0.0
2.949 0.0
2.95 0.0
2.951 0.0
2.952 0.0
2.953 0.0
2.954 0.0
2.955 0.0
2.956 0.0
2.957 0.0
2.958 0.0
2.959 0.0
2.96 0.0
2.961 0.0
2.962 0.0
2.963 0.0
2.964 0.0
2.965 0.0
2.966 0.0
2.967 0.0
2.968 0.0
2.969 0.0
2.97 0.0
2.971 0.0
2.972 0.0
2.973 0.0
2.974 0.0
2.975 0.0
2.976 0.0
2.977 0.0
2.978 0.0
2.979 0.0
2.98 0.0
2.981 0.0
2.982 0.0
2.983 0.0
2.984 0.0
2.985 0.0
2.986 0.0
2.987 0.0
2.988 0.0
2.989 0.0
2.99 0.0
2.991 0.0
2.992 0.0
2.993 0.0
2.9939999999999998 0.0
2.995 0.0
2.996 0.0
2.997 0.0
2.998 0.0
2.999 0.0
3.0 0.0
3.001 0.0
3.002 0.0
3.003 0.0
3.004 0.0
3.005 0.0
3.0060000000000002 0.0
3.007 0.0
3.008 0.0
3.009 0.0
3.01 0.0
3.011 0.0
3.012 0.0
3.013 0.0
3.0140000000000002 0.0
3.015 0.0
3.016 0.0
3.017 0.0
3.018 0.0
3.019 0.0
3.02 0.0
3.021 0.0
3.0220000000000002 0.0
3.023 0.0
3.024 0.0
3.025 0.0
3.026 0.0
3.027 0.0
3.028 0.0
3.029 0.0
3.0300000000000002 0.0
3.031 0.0
3.032 0.0
3.033 0.0
3.034 0.0
3.035 0.0
3.036 0.0
3.037 0.0
3.0380000000000003 0.0
3.039 0.0
3.04 0.0
3.041 0.0
3.042 0.0
3.043 0.0
3.044 0.0
3.045 0.0
3.046 0.0
3.047 0.0
3.048 0.0
3.049 0.0
3.05 0.0
3.051 0.0
3.052 0.0
3.053 0.0
3.054 0.0
3.055 0.0
3.056 0.0
3.057 0.0
3.058 0.0
3.059 0.0
3.06 0.0
3.061 0.0
3.062 0.0
3.063 0.0
3.064 0.0
3.065 0.0
3.066 0.0
3.067 0.0
3.068 0.0
3.069 0.0
3.07 0.0
3.071 0.0
3.072 0.0
3.073 0.0
3.074 0.0
3.075 0.0
3.076 0.0
3.077 0.0
3.078 0.0
3.079 0.0
3.08 0.0
3.081 0.0
3.082 0.0
3.083 0.0
3.084 0.0
3.085 0.0
3.086 0.0
3.087 0.0
3.088 0.0
3.089 0.0
3.09 0.0
3.091 0.0
3.092 0.0
3.093 0.0
3.094 0.0
3.095 0.0
3.096 0.0
3.097 0.0
3.098 0.0
3.099 0.0
3.1 0.0
3.101 0.0
3.102 0.0
3.1029999999999998 0.0
3.104 0.0
3.105 0.0
3.106 0.0
3.107 0.0
3.108 0.0
3.109 0.0
3.11 0.0
3.1109999999999998 0.0
3.112 0.0
3.113 0.0
3.114 0.0
3.115 0.0
3.116 0.0
3.117 0.0
3.118 0.0
3.1189999999999998 0.0
3.12 0.0
3.121 0.0
3.122 0.0
3.123 0.0
3.124 1.1015745441702229e-08
3.125 2.2057103727696063e-08
3.126 4.364551121432071e-08
3.127 8.53467895059499e-08
3.128 1.6492682486291474e-07
3.129 3.1495746941429375e-07
3.13 5.943866296422755e-07
3.1310000000000002 1.108517761303463e-06
3.132 2.0430207867910983e-06
3.133 3.720997856285906e-06
3.134 6.697343272419953e-06
3.135 1.191248052847879e-05
3.136 2.093911650445872e-05
3.137 3.637232038251094e-05
3.138 6.243673256134161e-05
3.1390000000000002 0.00010591703922953329
3.14 0.0001775611715439264
3.141 0.00029416207242344934
3.142 0.00048159487465060385
3.143 0.0007791723652708365
3.144 0.0012457810803331642
3.145 0.001968368588299965
3.146 0.003073460427840013
3.1470000000000002 0.004742478063451917
3.148 0.007231685665519077
3.149 0.010897584763918618
3.15 0.01622846621861712
3.151 0.023882577786122926
3.152 0.03473293080077698
3.153 0.04991811374019896
3.154 0.07089757920840237
3.1550000000000002 0.09950872272496616
3.156 0.13802170946741185
3.157 0.18918650639467405
3.158 0.2562650721898193
3.159 0.3430403313682474
3.16 0.45379264606733255
3.161 0.5932342668710573
3.162 0.7663929652412806
3.1630000000000003 0.9784379639988213
3.164 1.2344445477899355
3.165 1.5390983816004686
3.166 1.8963464465264541
3.167 2.3090082674517918
3.168 2.778368194239451
3.169 3.303776156173177
3.17 3.882289660797073
3.171 4.508392941924266
3.172 5.173829254387994
3.173 5.867578763673276
3.174 6.576007033989961
3.175 7.283197971858491
3.176 7.97147092092893
3.177 8.622065589594206
3.178 9.215962171237578
3.179 9.73478915524935
3.18 10.161759702789793
3.181 10.482570625448854
3.182 10.686197055912581
3.183 10.765521304781283
3.184 10.71774589263811
3.185 10.544557333891621
3.186 10.252027300226345
3.187 9.85025924103806
3.188 9.352809142359373
3.189 8.775926728580895
3.19 8.137676294107006
3.191 7.457003326989663
3.192 6.752813702917569
3.193 6.043126776755552
3.194 5.344353135558677
3.195 4.670733559750909
3.196 4.033959611304264
3.197 3.4429800207402805
3.198 2.903982296556075
3.199 2.4205270001880415
3.2 1.993803726652314
3.201 1.6229733196579292
3.202 1.305560080856667
3.203 1.0378601802417646
3.204 0.8153373580343017
3.205 0.6329834264774347
3.206 0.4856281365770154
3.207 0.36818988088708077
3.208 0.27586484583169896
3.209 0.20425720181795196
3.21 0.14945653193795386
3.211 0.10807093972607408
3.212 0.07722527443520005
3.213 0.05453389251455539
3.214 0.03805660480227739
3.215 0.02624521216423906
3.216 0.01788655245584536
3.217 0.012046467080845972
3.218 0.00801769000741692
3.219 0.0052734560222702995
3.22 0.0034276613018334825
3.221 0.002201694102675515
3.222 0.0013975667575268575
3.223 0.0008766871679889347
3.224 0.0005434670806659508
3.225 0.00033293414729617033
3.226 0.00020155795516438673
3.227 0.00012058632277637553
3.228 7.129394796601745e-05
3.229 4.1654678125265696e-05
3.23 2.405090406966678e-05
3.231 1.3723204472129804e-05
3.232 7.738132600025116e-06
3.233 4.311945924088259e-06
3.234 2.3744714332445404e-06
3.235 1.2921623935086877e-06
3.2359999999999998 6.949023026294991e-07
3.237 3.6930646397269436e-07
3.238 1.939574977466242e-07
3.239 1.0066598354639603e-07
3.24 5.163157992512856e-08
3.241 2.6170052460052378e-08
3.242 1.3108417853754613e-08
3.243 0.0
3.2439999999999998 0.0
3.245 0.0
3.246 0.0
3.247 0.0
3.248 0.0
3.249 0.0
3.25 0.0
3.251 0.0
3.252 0.0
3.253 0.0
3.254 0.0
3.255 0.0
3.2560000000000002 0.0
3.257 0.0
3.258 0.0
3.259 0.0
3.26 0.0
3.261 0.0
3.262 0.0
3.263 0.0
3.2640000000000002 0.0
3.265 0.0
3.266 0.0
3.267 0.0
3.268 0.0
3.269 0.0
3.27 0.0
3.271 0.0
3.2720000000000002 0.0
3.273 0.0
3.274 0.0
3.275 0.0
3.276 0.0
3.277 0.0
3.278 0.0
3.279 0.0
3.2800000000000002 0.0
3.281 0.0
3.282 0.0
3.283 0.0
3.284 0.0
3.285 0.0
3.286 0.0
3.287 0.0
3.2880000000000003 0.0
3.289 0.0
3.29 0.0
3.291 0.0
3.292 0.0
3.293 0.0
3.294 0.0
3.295 0.0
3.2960000000000003 0.0
3.297 0.0
3.298 0.0
3.299 0.0
3.3 0.0
3.301 0.0
3.302 0.0
3.303 0.0
3.3040000000000003 0.0
3.305 0.0
3.306 0.0
3.307 0.0
3.308 0.0
3.309 0.0
3.31 0.0
3.311 0.0
3.3120000000000003 0.0
3.313 0.0
3.314 0.0
3.315 0.0
3.316 0.0
3.317 0.0
3.318 0.0
3.319 0.0
3.3200000000000003 0.0
3.321 0.0
3.322 0.0
3.323 0.0
3.324 0.0
3.325 0.0
3.326 0.0
3.327 0.0
3.328 0.0
3.3289999999999997 0.0
3.33 0.0
3.331 0.0
3.332 0.0
3.333 0.0
3.334 0.0
3.335 0.0
3.336 0.0
3.3369999999999997 0.0
3.338 0.0
3.339 0.0
3.34 0.0
3.341 0.0
3.342 0.0
3.343 0.0
3.344 0.0
3.3449999999999998 0.0
3.346 0.0
3.347 0.0
3.348 0.0
3.349 0.0
3.35 0.0
3.351 0.0
3.352 0.0
3.3529999999999998 0.0
3.354 0.0
3.355 0.0
3.356 0.0
3.357 0.0
3.358 0.0
3.359 0.0
3.36 0.0
3.3609999999999998 0.0
3.362 0.0
3.363 0.0
3.364 0.0
3.365 0.0
3.366 0.0
3.367 0.0
3.368 0.0
3.3689999999999998 0.0
3.37 0.0
3.371 0.0
3.372 0.0
3.373 0.0
3.374 0.0
3.375 0.0
3.376 0.0
3.377 0.0
3.378 0.0
3.379 0.0
3.38 0.0
3.3810000000000002 0.0
3.382 0.0
3.383 0.0
3.384 0.0
3.385 0.0
3.386 0.0
3.387 0.0
3.388 0.0
3.3890000000000002 0.0
3.39 0.0
3.391 0.0
3.392 0.0
3.393 0.0
3.394 0.0
3.395 0.0
3.396 0.0
3.3970000000000002 0.0
3.398 0.0
3.399 0.0
3.4 0.0
3.401 0.0
3.402 0.0
3.403 0.0
3.404 0.0
3.4050000000000002 0.0
3.406 0.0
3.407 0.0
3.408 0.0
3.409 0.0
3.41 0.0
3.411 0.0
3.412 0.0
3.4130000000000003 0.0
3.414 0.0
3.415 0.0
3.416 0.0
3.417 0.0
3.418 0.0
3.419 0.0
3.42 0.0
3.4210000000000003 0.0
3.422 0.0
3.423 0.0
3.424 0.0
3.425 0.0
3.426 0.0
3.427 0.0
3.428 0.0
3.4290000000000003 0.0
3.43 0.0
3.431 0.0
3.432 0.0
3.433 0.0
3.434 0.0
3.435 0.0
3.436 0.0
3.4370000000000003 0.0
3.438 0.0
3.439 0.0
3.44 0.0
3.441 0.0
3.442 0.0
3.443 0.0
3.444 0.0
3.4450000000000003 0.0
3.446 0.0
3.447 0.0
3.448 0.0
3.449 0.0
3.45 0.0
3.451 0.0
3.452 0.0
3.4530000000000003 0.0
3.4539999999999997 0.0
3.455 0.0
3.456 0.0
3.457 0.0
3.458 0.0
3.459 0.0
3.46 0.0
3.461 0.0
3.4619999999999997 0.0
3.463 0.0
3.464 0.0
3.465 0.0
3.466 0.0
3.467 0.0
3.468 0.0
3.469 0.0
3.4699999999999998 0.0
3.471 0.0
3.472 0.0
3.473 0.0
3.474 0.0
3.475 0.0
3.476 0.0
3.477 0.0
3.4779999999999998 0.0
3.479 0.0
3.48 0.0
3.481 0.0
3.482 0.0
3.483 0.0
3.484 0.0
3.485 0.0
3.4859999999999998 0.0
3.487 0.0
3.488 0.0
3.489 0.0
3.49 0.0
3.491 0.0
3.492 0.0
3.493 0.0
3.4939999999999998 0.0
3.495 0.0
3.496 0.0
3.497 0.0
3.498 0.0
3.499 0.0
3.5 0.0
3.501 0.0
3.502 0.0
3.503 0.0
3.504 0.0
3.505 0.0
3.5060000000000002 0.0
3.507 0.0
3.508 0.0
3.509 0.0
3.51 0.0
3.511 0.0
3.512 0.0
3.513 0.0
3.5140000000000002 0.0
3.515 0.0
3.516 0.0
3.517 0.0
3.518 0.0
3.519 0.0
3.52 0.0
3.521 0.0
3.5220000000000002 0.0
3.523 0.0
3.524 0.0
3.525 0.0
3.526 0.0
3.527 0.0
3.528 0.0
3.529 0.0
3.5300000000000002 0.0
3.531 0.0
3.532 0.0
3.533 0.0
3.534 0.0
3.535 0.0
3.536 0.0
3.537 0.0
3.5380000000000003 0.0
3.539 0.0
3.54 0.0
3.541 0.0
3.542 0.0
3.543 0.0
3.544 0.0
3.545 0.0
3.5460000000000003 0.0
3.547 0.0
3.548 0.0
3.549 0.0
3.55 0.0
3.551 0.0
3.552 0.0
3.553 0.0
3.5540000000000003 0.0
3.555 0.0
3.556 0.0
3.557 0.0
3.558 0.0
3.559 0.0
3.56 0.0
3.561 0.0
3.5620000000000003 0.0
3.563 0.0
3.564 0.0
3.565 0.0
3.566 0.0
3.567 0.0
3.568 0.0
3.569 0.0
3.5700000000000003 0.0
3.571 0.0
3.572 0.0
3.573 0.0
3.574 0.0
3.575 0.0
3.576 0.0
3.577 0.0
3.5780000000000003 0.0
3.579 0.0
3.58 0.0
3.581 0.0
3.582 0.0
3.583 0.0
3.584 0.0
3.585 0.0
3.586 0.0
3.5869999999999997 0.0
3.588 0.0
3.589 0.0
3.59 0.0
3.591 0.0
3.592 0.0
3.593 0.0
3.594 0.0
3.5949999999999998 0.0
3.596 0.0
3.597 0.0
3.598 0.0
3.599 0.0
3.6 0.0
3.601 0.0
3.602 0.0
3.6029999999999998 0.0
3.604 0.0
3.605 0.0
3.606 0.0
3.607 0.0
3.608 0.0
3.609 0.0
3.61 0.0
3.6109999999999998 0.0
3.612 0.0
3.613 0.0
3.614 0.0
3.615 0.0
3.616 0.0
3.617 0.0
3.618 0.0
3.6189999999999998 0.0
3.62 0.0
3.621 0.0
3.622 0.0
3.623 0.0
3.624 0.0
3.625 0.0
3.626 0.0
3.627 0.0
3.628 0.0
3.629 0.0
3.63 0.0
3.6310000000000002 0.0
3.632 0.0
3.633 0.0
3.634 0.0
3.635 0.0
3.636 0.0
3.637 0.0
3.638 0.0
3.6390000000000002 0.0
3.64 0.0
3.641 0.0
3.642 0.0
3.643 0.0
3.644 0.0
3.645 0.0
3.646 0.0
3.6470000000000002 0.0
3.648 0.0
3.649 0.0
3.65 0.0
3.651 0.0
3.652 0.0
3.653 0.0
3.654 0.0
3.6550000000000002 0.0
3.656 0.0
3.657 0.0
3.658 0.0
3.659 0.0
3.66 0.0
3.661 0.0
3.662 0.0
3.6630000000000003 0.0
3.664 0.0
3.665 0.0
3.666 0.0
3.667 0.0
3.668 0.0
3.669 0.0
3.67 0.0
3.6710000000000003 0.0
3.672 0.0
3.673 0.0
3.674 0.0
3.675 0.0
3.676 0.0
3.677 0.0
3.678 0.0
3.6790000000000003 0.0
3.68 0.0
3.681 0.0
3.682 0.0
3.683 0.0
3.684 0.0
3.685 0.0
3.686 0.0
3.6870000000000003 0.0
3.688 0.0
3.689 0.0
3.69 0.0
3.691 0.0
3.692 0.0
3.693 0.0
3.694 0.0
3.6950000000000003 0.0
3.696 0.0
3.697 0.0
3.698 0.0
3.699 0.0
3.7 0.0
