2.75 0.0
2.751 0.0
2.752 0.0
2.753 0.0
2.754 0.0
2.755 0.0
2.756 0.0
2.757 0.0
2.758 0.0
2.759 0.0
2.76 0.0
2.761 0.0
2.762 0.0
2.763 0.0
2.764 0.0
2.765 0.0
2.766 0.0
2.767 0.0
2.768 0.0
2.769 0.0
2.77 0.0
2.771 0.0
2.772 0.0
2.773 0.0
2.774 0.0
2.775 0.0
2.776 0.0
2.777 0.0
2.778 0.0
2.779 0.0
2.78 0.0
2.781 0.0
2.782 0.0
2.783 0.0
2.784 0.0
2.785 0.0
2.786 0.0
2.787 0.0
2.788 0.0
2.789 0.0
2.79 0.0
2.791 0.0
2.792 0.0
2.793 0.0
2.794 0.0
2.795 0.0
2.796 0.0
2.797 0.0
2.798 0.0
2.799 0.0
2.8 0.0
2.801 0.0
2.802 0.0
2.803 0.0
2.804 0.0
2.805 0.0
2.806 0.0
2.807 0.0
2.808 0.0
2.809 0.0
2.81 0.0
2.811 0.0
2.812 1.2490983549312192e-08
2.813 2.6932695946502176e-08
2.814 5.722873085529479e-08
2.815 1.1983936418059268e-07
2.816 2.473067512267098e-07
2.817 5.029485301412647e-07
2.818 1.0080038920577199e-06
2.819 1.990911565542912e-06
2.82 3.875188429764271e-06
2.821 7.433353299436146e-06
2.822 1.4051666044985054e-05
2.823 2.6177125753959163e-05
2.824 4.805816606136135e-05
2.825 8.694878605936161e-05
2.826 0.00015502828651911267
2.827 0.0002724014817938916
2.828 0.0004716926176333587
2.829 0.000804933101857561
2.83 0.0013536662175512438
2.831 0.0022434401529061523
2.832 0.0036641098155024824
2.833 0.005897576305701074
2.834 0.009354697554523663
2.835 0.014623018450665841
2.836 0.022526587153520336
2.837 0.034198327448525835
2.838 0.05116411044230225
2.839 0.07543572764919461
2.84 0.10960738961500445
2.841 0.1569472391772033
2.842 0.22147189467656636
2.843 0.3079886103827767
2.844 0.42208681533344894
2.845 0.570059268535307
2.846 0.7587336243163169
2.847 0.9951985744533998
2.848 1.2864154709780424
2.849 1.6387166201360726
2.85 2.0572049335958478
2.851 2.545085347875554
2.852 3.1029747317539926
2.853 3.728251679241501
2.854 4.414518081848562
2.855 5.151248163451655
2.856 5.923695692004569
2.857 6.713115237827556
2.858 7.4973288324175025
2.859 8.251636936119748
2.86 8.950035496701993
2.861 9.566663519322004
2.862 10.077373037423111
2.863 10.461290596425759
2.864 10.702230291309862
2.865 10.789825285303198
2.866 10.720267632184713
2.867 10.496582842978428
2.868 10.128411614395922
2.869 9.631320658469377
2.87 9.02571127322809
2.871 8.335432247254417
2.872 7.586228326744985
2.873 6.804164245783123
2.874 6.014157011591848
2.875 5.23872776265455
2.876 4.497052870320112
2.877 3.8043568866158495
2.878 3.1716525432796216
2.879 2.605799830139179
2.88 2.1098306331285834
2.8810000000000002 1.683469415262119
2.882 1.3237743521298346
2.883 1.025826204995625
2.884 0.7834020621229308
2.885 0.5895854082155835
2.886 0.43728022463594013
2.887 0.3196127112011128
2.888 0.23021803548367248
2.8890000000000002 0.16342020046531364
2.89 0.11432026669941094
2.891 0.07881190293436365
2.892 0.053544084010492286
2.893 0.03584943106905854
2.894 0.02365397519123448
2.895 0.01538073540108262
2.896 0.009856010549741815
2.897 0.00622409643926327
2.898 0.0038734910917858426
2.899 0.0023756360367931384
2.9 0.0014358475863927949
2.901 0.0008552397445720478
2.902 0.0005020170907354104
2.903 0.00029040241576135307
2.904 0.00016555147015687966
2.905 9.300728213582928e-05
2.906 5.149344645862729e-05
2.907 2.8095583847840704e-05
2.908 1.5106896633485218e-05
2.909 8.005040777431222e-06
2.91 4.1802565326664945e-06
2.911 2.151262539079956e-06
2.912 1.0910257228857906e-06
2.913 5.452901591204525e-07
2.914 2.685786118532662e-07
2.915 1.3036658358386065e-07
2.916 6.236088054254563e-08
2.917 2.9397424794869923e-08
2.918 1.3657066747196738e-08
2.919 0.0
2.92 0.0
2.921 0.0
2.922 0.0
2.923 0.0
2.924 0.0
2.925 0.0
2.926 0.0
2.927 0.0
2.928 0.0
2.929 0.0
2.93 0.0
2.931 0.0
2.932 0.0
2.933 0.0
2.934 0.0
2.935 0.0
2.936 0.0
2.937 0.0
2.938 0.0
2.939 0.0
2.94 0.0
2.941 0.0
2.942 0.0
2.943 0.0
2.944 0.0
2.945 0.0
2.946 0.0
2.947 0.0
2.948 0.0
2.949 0.0
2.95 0.0
2.951 0.0
2.952 0.0
2.953 0.0
2.954 0.0
2.955 0.0
2.956 0.0
2.957 0.0
2.958 0.0
2.959 0.0
2.96 0.0
2.961 0.0
2.962 0.0
2.963 0.0
2.964 0.0
2.965 0.0
2.966 0.0
2.967 0.0
2.968 0.0
2.969 0.0
2.97 0.0
2.971 0.0
2.972 0.0
2.973 0.0
2.974 0.0
2.975 0.0
2.976 0.0
2.977 0.0
2.978 0.0
2.979 0.0
2.98 0.0
2.981 0.0
2.982 0.0
2.983 0.0
2.984 0.0
2.985 0.0
2.986 0.0
2.987 0.0
2.988 0.0
2.989 0.0
2.99 0.0
2.991 0.0
2.992 0.0
2.993 0.0
2.9939999999999998 0.0
2.995 0.0
2.996 0.0
2.997 0.0
2.998 0.0
2.999 0.0
3.0 0.0
3.001 0.0
3.002 0.0
3.003 0.0
3.004 0.0
3.005 0.0
3.0060000000000002 0.0
3.007 0.0
3.008 0.0
3.009 0.0
3.01 0.0
3.011 0.0
3.012 0.0
3.013 0.0
3.0140000000000002 0.0
3.015 0.0
3.016 0.0
3.017 0.0
3.018 0.0
3.019 0.0
3.02 0.0
3.021 0.0
3.0220000000000002 0.0
3.023 0.0
3.024 0.0
3.025 0.0
3.026 0.0
3.027 0.0
3.028 0.0
3.029 0.0
3.0300000000000002 0.0
3.031 0.0
3.032 0.0
3.033 0.0
3.034 0.0
3.035 0.0
3.036 0.0
3.037 0.0
3.0380000000000003 0.0
3.039 0.0
3.04 0.0
3.041 0.0
3.042 0.0
3.043 0.0
3.044 0.0
3.045 0.0
3.046 0.0
3.047 0.0
3.048 0.0
3.049 0.0
3.05 0.0
3.051 0.0
3.052 0.0
3.053 0.0
3.054 0.0
3.055 0.0
3.056 0.0
3.057 0.0
3.058 0.0
3.059 0.0
3.06 0.0
3.061 0.0
3.062 0.0
3.063 0.0
3.064 0.0
3.065 0.0
3.066 0.0
3.067 0.0
3.068 0.0
3.069 0.0
3.07 0.0
3.071 0.0
3.072 0.0
3.073 0.0
3.074 0.0
3.075 0.0
3.076 0.0
3.077 0.0
3.078 0.0
3.079 0.0
3.08 0.0
3.081 0.0
3.082 0.0
3.083 0.0
3.084 0.0
3.085 0.0
3.086 0.0
3.087 0.0
3.088 0.0
3.089 0.0
3.09 0.0
3.091 0.0
3.092 0.0
3.093 0.0
3.094 0.0
3.095 0.0
3.096 0.0
3.097 0.0
3.098 0.0
3.099 0.0
3.1 0.0
3.101 0.0
3.102 0.0
3.1029999999999998 0.0
3.104 0.0
3.105 0.0
3.106 0.0
3.107 0.0
3.108 0.0
3.109 0.0
3.11 0.0
3.1109999999999998 0.0
3.112 0.0
3.113 0.0
3.114 0.0
3.115 0.0
3.116 0.0
3.117 0.0
3.118 0.0
3.1189999999999998 0.0
3.12 0.0
3.121 0.0
3.122 0.0
3.123 0.0
3.124 0.0
3.125 0.0
3.126 0.0
3.127 0.0
3.128 0.0
3.129 0.0
3.13 0.0
3.1310000000000002 0.0
3.132 0.0
3.133 0.0
3.134 0.0
3.135 0.0
3.136 0.0
3.137 0.0
3.138 0.0
3.1390000000000002 0.0
3.14 0.0
3.141 0.0
3.142 0.0
3.143 0.0
3.144 0.0
3.145 0.0
3.146 0.0
3.1470000000000002 0.0
3.148 0.0
3.149 0.0
3.15 0.0
3.151 0.0
3.152 0.0
3.153 0.0
3.154 0.0
3.1550000000000002 0.0
3.156 0.0
3.157 0.0
3.158 0.0
3.159 0.0
3.16 0.0
3.161 0.0
3.162 0.0
3.1630000000000003 0.0
3.164 0.0
3.165 0.0
3.166 0.0
3.167 0.0
3.168 0.0
3.169 0.0
3.17 0.0
3.171 0.0
3.172 0.0
3.173 0.0
3.174 0.0
3.175 0.0
3.176 0.0
3.177 0.0
3.178 0.0
3.179 0.0
3.18 0.0
3.181 0.0
3.182 0.0
3.183 0.0
3.184 0.0
3.185 0.0
3.186 0.0
3.187 0.0
3.188 0.0
3.189 0.0
3.19 0.0
3.191 0.0
3.192 0.0
3.193 0.0
3.194 0.0
3.195 0.0
3.196 0.0
3.197 0.0
3.198 0.0
3.199 0.0
3.2 0.0
3.201 0.0
3.202 0.0
3.203 0.0
3.204 0.0
3.205 0.0
3.206 0.0
3.207 0.0
3.208 0.0
3.209 0.0
3.21 0.0
3.211 0.0
3.212 0.0
3.213 0.0
3.214 0.0
3.215 0.0
3.216 0.0
3.217 0.0
3.218 0.0
3.219 0.0
3.22 0.0
3.221 0.0
3.222 0.0
3.223 0.0
3.224 0.0
3.225 0.0
3.226 0.0
3.227 0.0
3.228 0.0
3.229 0.0
3.23 0.0
3.231 0.0
3.232 0.0
3.233 0.0
3.234 0.0
3.235 0.0
3.2359999999999998 0.0
3.237 0.0
3.238 0.0
3.239 0.0
3.24 0.0
3.241 0.0
3.242 0.0
3.243 0.0
3.2439999999999998 0.0
3.245 0.0
3.246 0.0
3.247 0.0
3.248 0.0
3.249 0.0
3.25 0.0
3.251 0.0
3.252 0.0
3.253 0.0
3.254 0.0
3.255 0.0
3.2560000000000002 0.0
3.257 0.0
3.258 0.0
3.259 0.0
3.26 0.0
3.261 0.0
3.262 0.0
3.263 0.0
3.2640000000000002 0.0
3.265 0.0
3.266 0.0
3.267 0.0
3.268 0.0
3.269 0.0
3.27 0.0
3.271 0.0
3.2720000000000002 0.0
3.273 0.0
3.274 0.0
3.275 0.0
3.276 0.0
3.277 0.0
3.278 0.0
3.279 0.0
3.2800000000000002 0.0
3.281 0.0
3.282 0.0
3.283 0.0
3.284 0.0
3.285 0.0
3.286 0.0
3.287 0.0
3.2880000000000003 0.0
3.289 0.0
3.29 0.0
3.291 0.0
3.292 0.0
3.293 0.0
3.294 0.0
3.295 0.0
3.2960000000000003 0.0
3.297 0.0
3.298 0.0
3.299 0.0
3.3 0.0
3.301 0.0
3.302 0.0
3.303 0.0
3.3040000000000003 0.0
3.305 0.0
3.306 0.0
3.307 0.0
3.308 0.0
3.309 0.0
3.31 0.0
3.311 0.0
3.3120000000000003 0.0
3.313 0.0
3.314 0.0
3.315 0.0
3.316 0.0
3.317 0.0
3.318 0.0
3.319 0.0
3.3200000000000003 0.0
3.321 0.0
3.322 0.0
3.323 0.0
3.324 0.0
3.325 0.0
3.326 0.0
3.327 0.0
3.328 0.0
3.3289999999999997 0.0
3.33 0.0
3.331 0.0
3.332 0.0
3.333 0.0
3.334 0.0
3.335 0.0
3.336 0.0
3.3369999999999997 0.0
3.338 0.0
3.339 0.0
3.34 0.0
3.341 0.0
3.342 0.0
3.343 0.0
3.344 0.0
3.3449999999999998 0.0
3.346 0.0
3.347 0.0
3.348 0.0
3.349 0.0
3.35 0.0
3.351 0.0
3.352 0.0
3.3529999999999998 0.0
3.354 0.0
3.355 0.0
3.356 0.0
3.357 0.0
3.358 0.0
3.359 0.0
3.36 0.0
3.3609999999999998 0.0
3.362 0.0
3.363 0.0
3.364 0.0
3.365 0.0
3.366 0.0
3.367 0.0
3.368 0.0
3.3689999999999998 0.0
3.37 0.0
3.371 0.0
3.372 0.0
3.373 0.0
3.374 0.0
3.375 0.0
3.376 0.0
3.377 0.0
3.378 0.0
3.379 0.0
3.38 0.0
3.3810000000000002 0.0
3.382 0.0
3.383 0.0
3.384 0.0
3.385 0.0
3.386 0.0
3.387 0.0
3.388 0.0
3.3890000000000002 0.0
3.39 0.0
3.391 0.0
3.392 0.0
3.393 0.0
3.394 0.0
3.395 0.0
3.396 0.0
3.3970000000000002 0.0
3.398 0.0
3.399 0.0
3.4 0.0
3.401 0.0
3.402 0.0
3.403 0.0
3.404 0.0
3.4050000000000002 0.0
3.406 0.0
3.407 0.0
3.408 0.0
3.409 0.0
3.41 0.0
3.411 0.0
3.412 0.0
3.4130000000000003 0.0
3.414 0.0
3.415 0.0
3.416 0.0
3.417 0.0
3.418 0.0
3.419 0.0
3.42 0.0
3.4210000000000003 0.0
3.422 0.0
3.423 0.0
3.424 0.0
3.425 0.0
3.426 0.0
3.427 0.0
3.428 0.0
3.4290000000000003 0.0
3.43 0.0
3.431 0.0
3.432 0.0
3.433 0.0
3.434 0.0
3.435 0.0
3.436 0.0
3.4370000000000003 0.0
3.438 0.0
3.439 0.0
3.44 0.0
3.441 0.0
3.442 0.0
3.443 0.0
3.444 0.0
3.4450000000000003 0.0
3.446 0.0
3.447 0.0
3.448 0.0
3.449 0.0
3.45 0.0
3.451 0.0
3.452 0.0
3.4530000000000003 0.0
3.4539999999999997 0.0
3.455 0.0
3.456 0.0
3.457 0.0
3.458 0.0
3.459 0.0
3.46 0.0
3.461 0.0
3.4619999999999997 0.0
3.463 0.0
3.464 0.0
3.465 0.0
3.466 0.0
3.467 0.0
3.468 0.0
3.469 0.0
3.4699999999999998 0.0
3.471 0.0
3.472 0.0
3.473 0.0
3.474 0.0
3.475 0.0
3.476 0.0
3.477 0.0
3.4779999999999998 0.0
3.479 0.0
3.48 0.0
3.481 0.0
3.482 0.0
3.483 0.0
3.484 0.0
3.485 0.0
3.4859999999999998 0.0
3.487 0.0
3.488 0.0
3.489 0.0
3.49 0.0
3.491 0.0
3.492 0.0
3.493 0.0
3.4939999999999998 0.0
3.495 0.0
3.496 0.0
3.497 0.0
3.498 0.0
3.499 0.0
3.5 0.0
3.501 0.0
3.502 0.0
3.503 0.0
3.504 0.0
3.505 0.0
3.5060000000000002 0.0
3.507 0.0
3.508 0.0
3.509 0.0
3.51 0.0
3.511 0.0
3.512 0.0
3.513 0.0
3.5140000000000002 0.0
3.515 0.0
3.516 0.0
3.517 0.0
3.518 0.0
3.519 0.0
3.52 0.0
3.521 0.0
3.5220000000000002 0.0
3.523 0.0
3.524 0.0
3.525 0.0
3.526 0.0
3.527 0.0
3.528 0.0
3.529 0.0
3.5300000000000002 0.0
3.531 0.0
3.532 0.0
3.533 0.0
3.534 0.0
3.535 0.0
3.536 0.0
3.537 0.0
3.5380000000000003 0.0
3.539 0.0
3.54 0.0
3.541 0.0
3.542 0.0
3.543 0.0
3.544 0.0
3.545 0.0
3.5460000000000003 0.0
3.547 0.0
3.548 0.0
3.549 0.0
3.55 0.0
3.551 0.0
3.552 0.0
3.553 0.0
3.5540000000000003 0.0
3.555 0.0
3.556 0.0
3.557 0.0
3.558 0.0
3.559 0.0
3.56 0.0
3.561 0.0
3.5620000000000003 0.0
3.563 0.0
3.564 0.0
3.565 0.0
3.566 0.0
3.567 0.0
3.568 0.0
3.569 0.0
3.5700000000000003 0.0
3.571 0.0
3.572 0.0
3.573 0.0
3.574 0.0
3.575 0.0
3.576 0.0
3.577 0.0
3.5780000000000003 0.0
3.579 0.0
3.58 0.0
3.581 0.0
3.582 0.0
3.583 0.0
3.584 0.0
3.585 0.0
3.586 0.0
3.5869999999999997 0.0
3.588 0.0
3.589 0.0
3.59 0.0
3.591 0.0
3.592 0.0
3.593 0.0
3.594 0.0
3.5949999999999998 0.0
3.596 0.0
3.597 0.0
3.598 0.0
3.599 0.0
3.6 0.0
3.601 0.0
3.602 0.0
3.6029999999999998 0.0
3.604 0.0
3.605 0.0
3.606 0.0
3.607 0.0
3.608 0.0
3.609 0.0
3.61 0.0
3.6109999999999998 0.0
3.612 0.0
3.613 0.0
3.614 0.0
3.615 0.0
3.616 0.0
3.617 0.0
3.618 0.0
3.6189999999999998 0.0
3.62 0.0
3.621 0.0
3.622 0.0
3.623 0.0
3.624 0.0
3.625 0.0
3.626 0.0
3.627 0.0
3.628 0.0
3.629 0.0
3.63 0.0
3.6310000000000002 0.0
3.632 0.0
3.633 0.0
3.634 0.0
3.635 0.0
3.636 0.0
3.637 0.0
3.638 0.0
3.6390000000000002 0.0
3.64 0.0
3.641 0.0
3.642 0.0
3.643 0.0
3.644 0.0
3.645 0.0
3.646 0.0
3.6470000000000002 0.0
3.648 0.0
3.649 0.0
3.65 0.0
3.651 0.0
3.652 0.0
3.653 0.0
3.654 0.0
3.6550000000000002 0.0
3.656 0.0
3.657 0.0
3.658 0.0
3.659 0.0
3.66 0.0
3.661 0.0
3.662 0.0
3.6630000000000003 0.0
3.664 0.0
3.665 0.0
3.666 0.0
3.667 0.0
3.668 0.0
3.669 0.0
3.67 0.0
3.6710000000000003 0.0
3.672 0.0
3.673 0.0
3.674 0.0
3.675 0.0
3.676 0.0
3.677 0.0
3.678 0.0
3.6790000000000003 0.0
3.68 0.0
3.681 0.0
3.682 0.0
3.683 0.0
3.684 0.0
3.685 0.0
3.686 0.0
3.6870000000000003 0.0
3.688 0.0
3.689 0.0
3.69 0.0
3.691 0.0
3.692 0.0
3.693 0.0
3.694 0.0
3.6950000000000003 0.0
3.696 0.0
3.697 0.0
3.698 0.0
3.699 0.0
3.7 0.0
